¹ 5 6 5)- 6,, X.
5,655 656 55α55ρ 5646 560666666 5646 6651555656· 5666,
,5ζῂ6 ,6 6666660 5666 5155655556 5646 66 6165666561666606665666676
w 5756 555566555656665 6656 ,

5155666666, 6555565556155656555566 5706 ‘6⁵6¹c6606w6606 ,555
515111 47 6 55555515555555555556655565556 6602 55155665555555556 546
ι . 5656 555555 5616,
55555615565565555555 6555656555 56 6556666566 656666666066'5666666 5556

56 555655, 1-,15 6556 3546 5655556565 666.

5665 5666655666 556
6· 1155615655565656666555 66 65555,

665666 ..66 5’556 6666656666 666 s :6650
15555556 5666, 66555655 55555565 6⁴0066656566160‘6*
5655655 6506 5156 55555566... .
55555555 6656 6655 5555565 6556555666, 6655

’ 4746 '76 ,

- 5655555566 5666161566 5555 5555155

“ 5555655655 4666 655565555555555565
5655565656 56665066666666660666606666666'66665,66666651666666666*6666666556
65565655665565. 4656 5366
6656666 55556556655666 ‚ ,5666 6656666666666
6666g66666 666652666566'06 . 5556 5555666515
’556555555555555655665665655665165555665 5555,..,555 666
6666566‘5601'665 4 66. 6,; 6666:
5666 66606666 465 6 66656666'66666'066666
66060666665605660 5546 565 5656666666 6156αρα 5666
6²²g165666006006 616606164736 13666665'666.

Ε66566566 66 6 555556 66660666 , ,
5655 6516555555 ,56555 6556556556
,57665 55555555 5516556551156566 5 5
55765 61666655 5566 5566655566 5566
5666655666 5556666665 8665555666 55765
’,15515655556666665555555 66 645 fi666
5666556655 -· 5-
5 56555555 3566 56665665565656555656555555,
56565756 666‘66665666'6666'6 5556 ,56556
⁹ ⁴ 5566 6656566656
55555 6655 6 6 1656, 66515 ,1656116665 ’
066566666 515556 6666: 6665566565 6556656566
6165 , 565 6 65555615 56555
5655615565 6660'566666 6546 55565- 6655566556

- . 50555655516665555665561555655 urs 66 5665606 060 566666

655515,

 

